5700101016012017570010013957
5700101017012017570010101757
5700101019012017570010101957
5700101020012017570010102057
5700101021012017570010102157
5700101022012017570010102257
5700101023012017570010102357
5700101024012017570010102457
5700101025012017570010102557
5700101026012017570010102657
5700101027012017570010102757
5700101028012017570010102857
5700101029012017570010102957
5700101030012017570010103057
5700101031012017570010103157
5700101032012017570010103257
5700101033012017570010103357
5700101034012017570010103457
5700101035012017570010103557
5700101036012017570010103657
5700110001012017570011000157
5700110002012017570011000257
5700110003012017570011000357
5700110004012017570011000457
5700110005012017570011000557
5700110006012017570011000657
5700110009012017570011000957
5700110010012017570011001057
5700110015012017570011001557
5700110016012017570011001657
5700110017012017570011001757
5700110018012017570011001857
5700110019012017570011001957
5700110020012017570011002057
5700110021012017570011002157
5700110022012017570011002257
5700110023012017570011002357
5700110024012017570011002457
5700110025012017570011002557
5700110026012017570011002657
5700110027012017570011002757
5700110028012017570011002857
5700110031012017570011003157
5700110032012017570011003257
5700110033012017570011003357
5700110034012017570011003457
5700110035012017570011003557
5700110036012017570011003657
5700110037012017570011003757
5700110038012017570011003857
5700110039012017570011003957
5700110040012017570011004057
5700110043012017570011004357
5700110044012017570011004457
