110400R004012017110400R00411
2600005007062017260000500726
2600005015042017260000501526
371D210044012017371D21004437
5001015505012017500101550550
5001015726012017500101572650
5001015728012017500101572850
5001015810012017500101581050
5001015820012017500101582050
5001015825012017500101582550
5001015900012017500101590050
5001015920032017500101592050
5001016001012017500101600150
5001016001032017500101600150
5001016005012017500101600550
5001016005032017500101600550
5001016005072017500101600550
5001016010012017500101601050
5001016010022017500101601050
5001016020012017500101602050
5001016021012017500101602150
5001016022012017500101602250
5001017010012017500101701050
5001017015012017500101701550
5001017020012017500101702050
5001017025012017500101702550
5001017035012017500101703550
5001017050012017500101705050
5002012000012017500201200050
5002012000022017500201200050
5002012005012017500201200550
5002012005022017500201200550
5002012010012017500201201050
5002012010022017500201201050
5002012015012017500201201550
5002012015022017500201201550
5002012105012017500201210550
5002012105022017500201210550
5002012110012017500201211050
5002012110022017500201211050
5002012115012017500201211550
5002012115022017500201211550
5002012120012017500201212050
5002012120022017500201212050
5002012126012017500201212650
5002012126022017500201212650
5002012130012017500201213050
5002012130022017500201213050
5002012135012017500201213550
5002012135022017500201213550
5002012200012017500201220050
5002012200022017500201220050
5002012205012017500201220550
5002012205022017500201220550
5002012220012017500201222050
5002012220022017500201222050
5002012232012017500201223250
5002012232022017500201223250
5002012234012017500201223450
5002012234022017500201223450
5002012236012017500201223650
5002012236022017500201223650
5002012238012017500201223850
5002012238022017500201223850
5002012241012017500201224150
5002012241022017500201224150
5002012242012017500201224250
5002012242022017500201224250
5002012244012017500201224450
5002012244022017500201224450
5002012300012017500201230050
5002012300022017500201230050
5002012305012017500201230550
5002012305022017500201230550
5002012315012017500201231550
5002012315022017500201231550
5002012325012017500201232550
5002012325022017500201232550
5002012330012017500201233050
5002012330022017500201233050
5002012335012017500201233550
5002012335022017500201233550
5002012338012017500201233850
5002012338022017500201233850
5002012342012017500201234250
5002012342022017500201234250
5002012345012017500201234550
5002012345022017500201234550
5002012410012017500201241050
5002012410022017500201241050
5002012420012017500201242050
5002012420022017500201242050
5002012430012017500201243050
5002012430022017500201243050
5002012490012017500201249050
5002012490022017500201249050
5002015320012017500201532050
5101001001012017510100100151
5101001002012017510100100251
5101001003012017510100100351
5101001004012017510100100451
5101001005012017510100100551
5101001006012017510100100651
5101001007012017510100100751
5101001008012017510100100851
5101001010012017530103101051
5101001012012017510100101251
5101001015012017510100101551
5101001017012017530104102351
5101001018012017530100101851
5101001021012017510100102151
5101001022012017510100102251
5101001023012017510100102351
5101001024012017510100102451
5101001025012017510100102551
5101001026012017510100102651
5101001027012017510100102751
5101001030012017510100103051
5101001031012017510100103151
5101001035012017510100103551
